2
5
8
10
22
23
29
30
34
44
45
46
47
49
51
56
61
63
67
78
80
81
86
92
98
101
102
105
108
112
114
122
123
128
129
130
131
139
141
142
147
151
152
158
162
163
164
166
169
170
175
179
181
183
186
188
189
195
201
211
223
225
231
244
248
254
255
271
275
276
283
287
291
292
305
310
315
316
318
323
329
334
342
365
367
371
375
382
383
386
390
399
400
407
408
410
415
418
430
433
434
438
440
442
446
450
455
456
457
458
466
467
477
482
483
485
494
495
497
502
503
505
509
511
515
517
519
533
534
540
547
550
557
559
564
566
570
580
582
586
590
594
598
604
605
614
620
622
625
628
633
636
643
644
649
651
658
660
669
671
675
679
687
695
697
700
702
703
709
715
724
730
734
735
737
740
747
751
752
757
759
760
761
765
768
778
782
786
794
797
800
802
804
807
813
818
823
825
830
833
841
848
852
854
860
861
864
866
867
878
889
896
898
900
901
905
906
915
923
930
931
935
937
939
947
951
954
960
961
964
965
970
972
981
986
991
999
